4 3 2 6 1 8 B 5 7 9 10 11
3 1 4 5 B 2 6 7 8 9 10 11
3 1 2 6 7 11 8 4 10 9 B 5
4 3 2 1 7 5 10 9 8 6 B 11
3 1 4 6 5 2 B 7 8 9 10 11
3 5 2 1 9 11 10 4 B 6 8 7
1 2 B 3 6 4 7 8 5 9 10 11
3 5 1 4 7 2 6 10 8 9 B 11
1 4 B 3 7 2 9 6 5 10 11 8
1 2 B 3 4 5 9 11 8 7 6 10
B 2 3 1 6 5 11 7 4 9 8 10
3 1 B 6 5 2 10 4 8 7 9 11
3 1 2 6 8 4 9 7 5 10 B 11
B 3 2 6 1 4 9 7 5 10 11 8
1 4 2 3 7 5 10 8 11 6 B 9
2 3 B 6 8 5 9 11 4 7 1 10
3 2 5 6 4 10 1 7 8 9 B 11
B 4 1 5 2 8 3 7 11 6 9 10
B 3 2 4 1 5 6 7 8 9 10 11
B 7 2 1 3 8 4 5 6 9 10 11
