1 4 2 3 7 5 6 8 11 9 B 10
2 4 3 1 7 5 B 6 8 9 10 11
3 1 2 6 4 5 B 9 11 10 8 7
6 3 4 10 1 2 9 7 5 11 B 8
7 8 1 3 B 2 4 6 5 9 10 11
3 5 4 6 2 1 7 10 8 9 B 11
3 1 2 10 4 8 5 7 11 6 B 9
3 1 5 2 7 4 6 10 8 9 B 11
3 1 2 6 4 5 7 10 8 9 B 11
3 1 2 4 7 5 B 6 10 9 11 8
3 2 5 4 1 8 6 7 11 9 B 10
3 2 B 4 1 5 6 7 8 9 10 11
1 5 4 7 B 2 3 6 10 9 11 8
1 7 B 3 6 2 11 8 9 4 5 10
3 1 4 6 B 7 9 5 2 10 8 11
3 1 2 6 4 5 9 7 B 11 8 10
1 2 B 3 4 11 7 8 5 6 9 10
3 1 2 8 B 4 6 10 9 5 7 11
3 1 B 6 8 2 5 4 10 9 11 7
1 5 B 3 2 8 6 4 11 9 7 10
