4 1 3 10 2 5 7 8 11 6 B 9
B 4 2 1 8 3 6 10 7 11 9 5
B 4 5 1 6 7 3 10 2 9 11 8
1 5 B 6 2 8 3 4 11 7 9 10
3 1 2 6 4 7 9 8 10 11 B 5
2 5 B 9 11 8 1 7 6 3 10 4
5 1 B 3 4 2 8 6 7 9 10 11
1 4 2 3 5 8 6 10 7 9 B 11
3 6 2 1 7 5 9 4 8 10 B 11
1 2 5 11 B 4 7 3 10 6 9 8
3 1 2 11 7 5 9 10 B 6 4 8
1 2 5 3 4 8 7 9 11 6 B 10
3 5 B 7 2 1 4 6 8 9 10 11
1 4 8 2 10 5 7 9 6 3 B 11
1 5 4 3 B 2 6 7 10 9 11 8
1 2 5 3 4 8 7 11 B 6 9 10
3 1 2 4 7 5 6 10 8 9 B 11
1 4 2 10 3 5 B 6 8 9 7 11
3 5 B 4 7 8 6 1 2 9 11 10
5 3 4 1 2 8 6 7 11 9 B 10
