X, id_dfs, tower14_4, "0 4 3 6 7 2 1 5 8 9 10 14 13 12 11 15", 4, 77971, 0.001374, 5.67475e+07
X, id_dfs, tower14_4, "3 5 4 12 10 8 9 11 13 1 14 0 7 2 6 15", na, na, na, na
X, id_dfs, tower14_4, "8 0 13 3 9 11 2 1 5 10 12 14 6 7 4 15", na, na, na, na
X, id_dfs, tower14_4, "1 2 12 7 6 8 4 14 13 11 0 9 5 10 3 15", na, na, na, na
X, id_dfs, tower14_4, "0 1 5 4 3 11 7 6 2 10 13 12 8 9 14 15", 4, 88516, 0.001586, 5.58108e+07
X, id_dfs, tower14_4, "14 2 3 4 7 11 10 5 6 9 8 12 13 1 0 15", 4, 79949, 0.001417, 5.64213e+07
X, id_dfs, tower14_4, "3 2 1 0 8 9 13 12 4 5 6 7 11 10 14 15", 6, 2038111, 0.034214, 5.95695e+07
X, id_dfs, tower14_4, "0 8 14 4 3 6 11 10 2 12 5 1 13 9 7 15", na, na, na, na
X, id_dfs, tower14_4, "8 5 12 11 9 10 13 0 1 3 7 6 2 4 14 15", 8, 363658229, 6.01736, 6.04348e+07
X, id_dfs, tower14_4, "14 13 4 5 1 2 8 9 3 6 7 0 12 11 10 15", 6, 8888898, 0.146478, 6.06842e+07
X, id_dfs, tower14_4, "5 6 8 7 3 2 9 10 11 12 13 14 4 1 0 15", 4, 58564, 0.001023, 5.72473e+07
X, id_dfs, tower14_4, "2 1 5 6 9 13 12 7 14 10 11 8 3 4 0 15", 6, 6606345, 0.110477, 5.97984e+07
X, id_dfs, tower14_4, "7 12 4 3 6 5 13 9 2 14 8 11 1 10 0 15", 8, 130856492, 2.17203, 6.02461e+07
X, id_dfs, tower14_4, "3 4 12 11 6 5 8 7 10 9 13 14 2 1 0 15", 4, 51591, 0.000927, 5.56537e+07
X, id_dfs, tower14_4, "14 13 5 1 0 3 2 9 8 7 6 10 11 12 4 15", 4, 116254, 0.002001, 5.8098e+07
X, id_dfs, tower14_4, "0 3 14 11 12 2 1 13 4 5 6 7 8 9 10 15", 4, 38058, 0.000689, 5.52366e+07
X, id_dfs, tower14_4, "0 4 5 1 2 3 6 13 9 8 7 12 11 10 14 15", 4, 48685, 0.000874, 5.57037e+07
X, id_dfs, tower14_4, "9 8 14 0 1 5 4 10 6 7 11 3 2 12 13 15", 8, 800113318, 13.2092, 6.05724e+07
X, id_dfs, tower14_4, "3 4 9 13 6 5 8 7 12 11 10 14 2 1 0 15", 4, 51700, 0.000917, 5.63795e+07
X, id_dfs, tower14_4, "6 7 5 2 14 10 9 12 0 1 13 3 8 11 4 15", na, na, na, na
X, id_dfs, tower14_4, "0 4 3 2 1 5 9 8 7 6 10 11 12 13 14 15", 2, 451, 3.2e-05, 1.40938e+07
X, id_dfs, tower14_4, "7 5 13 12 2 8 11 1 6 9 10 14 0 3 4 15", na, na, na, na
X, id_dfs, tower14_4, "3 4 5 9 8 7 12 11 10 6 13 0 1 2 14 15", 4, 99958, 0.001694, 5.90071e+07
X, id_dfs, tower14_4, "0 1 2 3 4 8 7 6 5 12 11 10 9 13 14 15", 2, 1118, 5.6e-05, 1.99643e+07
X, id_dfs, tower14_4, "11 3 13 1 6 4 5 12 9 0 7 10 14 8 2 15", na, na, na, na
X, id_dfs, tower14_4, "1 0 4 5 9 11 10 8 13 2 6 7 3 14 12 15", na, na, na, na
X, id_dfs, tower14_4, "14 1 0 13 4 3 2 10 11 12 9 8 7 5 6 15", 10, 439038222, 572.885, 766363
X, id_dfs, tower14_4, "3 2 1 0 4 11 9 5 8 10 7 13 12 6 14 15", 8, 157579887, 2.60963, 6.0384e+07
X, id_dfs, tower14_4, "0 1 2 6 7 3 4 5 10 11 12 8 9 13 14 15", 4, 78742, 0.001402, 5.61641e+07
X, id_dfs, tower14_4, "3 0 7 6 2 1 5 4 8 9 10 11 12 13 14 15", 4, 33548, 0.000613, 5.47276e+07
X, id_dfs, tower14_4, "1 11 2 12 10 6 14 4 8 9 0 3 13 5 7 15", na, na, na, na
X, id_dfs, tower14_4, "8 3 5 12 11 7 10 6 2 4 1 14 13 9 0 15", na, na, na, na
X, id_dfs, tower14_4, "4 5 8 9 10 11 12 2 1 0 13 14 3 7 6 15", 6, 9019930, 0.148874, 6.05877e+07
X, id_dfs, tower14_4, "0 10 3 2 1 6 5 4 7 8 9 12 11 13 14 15", 6, 3015671, 0.050069, 6.02303e+07
Error: estado inválido.
